0.56671070959297
0.64148377809344
0.00000000000000
0.77809416288593
0.83656767812047
0.88650877809344
0.00000000000000
0.95611524581044
0.97406667130865
0.98010000000000
0.97406667130865
0.95611524581044
0.92668774717851
0.88650877809344
0.83656767812047
0.77809416288593
0.71252804439736
0.64148377809344
0.56671070959297
0.49005000000000
0.41338929040703
0.33861622190656
0.99000000000000
0.20200583711407
0.14353232187953
0.09359122190656
0.99000000000000
0.00000000000000
0.00603332869135
0.00000000000000
0.00603332869135
0.02398475418956
0.05341225282149
0.09359122190656
0.14353232187953
0.20200583711407
0.26757195560263
0.33861622190656
0.41338929040703
0.99000000000000
0.56671070959296
0.64148377809344
0.71252804439736
0.77809416288593
0.83656767812047
0.88650877809344
0.92668774717851
0.95611524581044
0.97406667130865
0.98010000000000
0.97406667130865
0.95611524581044
0.92668774717851
0.88650877809344
0.83656767812047
0.77809416288593
0.71252804439737
0.64148377809344
0.56671070959297
0.49005000000000
0.41338929040703
0.33861622190656
0.26757195560263
0.20200583711407
0.14353232187953
0.09359122190656
0.05341225282149
0.02398475418956
0.00603332869135
0.00000000000000
0.00603332869135
0.02398475418956
0.05341225282149
0.09359122190656
0.14353232187953
0.20200583711407
0.26757195560264
0.00000000000000
0.41338929040704
0.49005000000000
0.56671070959296
0.64148377809344
0.71252804439737
0.77809416288593
0.83656767812047
0.88650877809344
0.00000000000000
0.95611524581044
0.97406667130865
0.98010000000000
0.97406667130865
0.95611524581044
0.92668774717851
0.88650877809344
0.83656767812047
0.77809416288593
0.71252804439737
0.64148377809344
0.56671070959296
0.49005000000000
