0.05136693108815
0.09024110675408
0.07564766198560
0.20416410349813
0.20866145240845
0.21393857350145
0.25201363710358
0.28880587616730
0.28037186697369
0.39062224545854
0.44981337634441
0.52820351165629
0.45151604431159
0.40437923440266
0.47198885978796
0.42517563177212
0.45552638218713
0.46089600075509
0.45679720049097
0.51890896484436
0.44269153706616
0.52720623788490
0.52595160038214
0.52740285086496
0.46091820662551
0.47645091638765
0.51647325771287
0.40715816275210
0.37130847845831
0.44217751869104
0.19928384351105
0.27106316687827
0.38276815920484
0.20342254557484
0.16332529162513
0.09318512849929
0.15637020010786
-0.02727978907210
-0.00074020843637
0.02834875464496
-0.03930169280705
-0.04702099920738
-0.11040064037622
-0.12046510747810
-0.25571251187558
-0.21609100724354
-0.33957763604276
-0.25472852960439
-0.34025251960117
-0.32078717001463
-0.40707635078355
-0.38807632702481
-0.37361648360560
-0.54448822805189
-0.55530917548500
-0.56714604169884
-0.44375535444183
-0.47358480729448
-0.53358146869456
-0.42504769893577
-0.49156892358005
-0.57318524029274
-0.53714223594072
-0.54478994519887
-0.41419544474029
-0.47555927806273
-0.48491462238431
-0.43336401254231
-0.42202450902267
-0.31090491408892
-0.30085746523126
-0.27877662239889
-0.24046047282708
-0.22484650840454
-0.23878437768540
-0.12742807887470
-0.15777909486390
-0.13181248494257
-0.09293412968284
0.04347764036566
0.08828211859019
-0.00972403593684
0.10931788404960
0.16710558449624
0.16082248488790
0.26504424038069
0.27397075747049
0.28625094229937
0.29685348040463
0.38740427343565
0.42266785482112
0.42797385631697
0.41433099695258
0.49155253478468
0.41659569733529
0.48275028846135
0.55600541160793
0.48435923231732
0.45626687232526
0.59717190249237
0.48611258983782
0.51592512809086
0.44600438598782
0.48990872978280
0.48529067094334
0.44573134257228
0.44262460010721
0.46473783301415
0.30999719119647
0.36383156836599
0.22516423469399
0.29531307284215
0.35777505279559
0.27405208928611
0.19099549361745
0.13759641482386
0.14313597111202
0.13106221223712
0.03996657869404
0.08073806334561
-0.08002229595673
-0.17810518873844
-0.15413225234369
-0.16447369821940
-0.20997972008107
-0.26936380787801
-0.19438738020157
-0.37470848904363
-0.34931490391167
-0.40201846894364
-0.40390837882636
-0.43781668844718
-0.40240134802130
-0.49755616874479
-0.50297272078852
-0.47047177784692
-0.43198583335561
-0.58657053216672
-0.40847102757716
-0.54391871527893
-0.46607203054490
-0.44136591868494
-0.42003029135655
-0.50139620642948
-0.46072401877009
-0.45362160577186
-0.45660313648042
-0.39092300898702
-0.36227081219106
-0.37116914673231
-0.31810602775511
-0.16021353728627
-0.26162758613020
-0.19148010303670
-0.21446868432319
-0.18090239221748
-0.13401203527318
-0.04998934383340
-0.07930650506403
-0.09264733925841
0.04189034873658
0.05639647166737
0.13072305554126
0.15873879154652
0.22779766916095
0.27203290465206
0.19496736763138
0.21766368472199
0.34984569081823
0.36887296187575
0.33324495953408
0.46637860350898
0.42797067790480
0.45168167800525
0.47563673523318
0.51323654856170
0.56240983548553
0.48074538218478
0.41192449147792
0.55067321499950
0.45207186194425
0.55602818460875
0.45671052531954
0.55010234488690
0.42164086151993
0.38987330945652
0.47416706058201
0.33635591774061
0.41423223093622
0.37544457172156
0.31756064683149
0.27681600091621
0.36413981406118
0.20826849809848
0.18183155630990
0.10757187665689
0.07604956370880
0.04903629494368
0.12470581639012
-0.01952099088855
-0.07373281602791
-0.10062826761657
-0.08100386442297
-0.22029505960163
-0.15998561141939
-0.29355999203281
-0.26779168994596
-0.38523743468213
-0.29792790090958
-0.31891015482144
-0.41458047055405
-0.38862970936545
-0.41817796517083
-0.38754746680265
-0.45552036332246
-0.42355535148249
-0.49202351726406
-0.52625901580278
-0.50035772711095
-0.50996624093861
-0.45437517326578
-0.49665137384292
-0.52824690366821
-0.48327045005188
-0.40251003273243
-0.46624862605598
-0.45925092030262
-0.35530896378254
-0.37514160807209
-0.37168868179928
-0.36166541575635
-0.36788474665773
-0.25358069488435
-0.24284612346282
-0.17539580356239
-0.22733582658482
-0.05063095683371
-0.05385703564256
-0.11756086032125
0.05285298144748
0.00985065803496
0.09332831341673
0.12769580134900
0.11059844211186
0.04827172821900
0.25377301469904
0.24414741686287
0.26399968340943
0.34566965958561
0.31906935455459
0.41376253486456
0.41205337021342
0.37675413793529
0.48734475948160
0.48566521476741
0.53813655088607
0.44155382741581
0.44908045882915
0.51412496324287
0.53335165806344
0.53986449448174
0.49416963420893
0.47439035034200
0.50816931289522
0.56016639183370
0.48973247076797
0.43054693003085
0.37578279412455
0.40519051433719
0.32934816646268
0.33664630594752
0.33280503571998
0.30746292895277
0.25640214558445
0.26023843004277
0.24706874382732
0.02183944355572
-0.01071697643527
-0.00690251396641
-0.09989635418138
-0.05708455075005
-0.09503727051455
-0.10420138168859
-0.14020040212896
-0.22565014458817
-0.26766097425700
-0.22157915441538
-0.31298988884380
-0.39328423267324
-0.35303801787200
-0.36999638051262
-0.42505977250370
-0.39314202320983
-0.43421415512246
-0.47258192191222
-0.47772998669819
-0.46327586905600
-0.51591503923799
-0.55120600298043
-0.50777921297529
-0.49200127370396
-0.46837275391769
-0.48769113667355
-0.49839650563158
-0.43212298496732
-0.45117968437862
-0.38596886140499
-0.40899863416654
-0.38051758906062
-0.35814642416537
-0.37078593827425
-0.34024020280786
-0.30931031599558
-0.13775375792643
-0.20135116549336
-0.10748791447316
-0.09926486507018
0.01474678251421
0.00712405079416
-0.06134819219079
0.02286759083921
0.12279955255552
0.13113196083448
0.26776826886609
0.18894719965936
0.14940204644316
0.28345344795956
0.24830168230576
0.32719575654203
0.40745568433424
0.39561192079907
0.41949042432258
0.41645915939996
0.43818214044704
0.45678622276670
0.33557916085596
0.50584871900111
0.54335652793016
0.43357702133296
0.42390158189813
0.52950923224976
0.41846804104138
0.40221485328094
0.51497706818410
0.42922564822891
0.50774841261003
0.36170686128380
0.37379087350634
0.39228774336777
0.38102084799286
0.34810574004323
0.30346547629669
0.24975903456964
0.19803440787362
0.21536577504089
0.13516686509414
0.13780345899642
0.13260252528355
-0.07323704705828
0.09022400697847
-0.07083256683552
-0.01239432216029
-0.03914307900342
-0.22795390236281
-0.18249479837820
-0.05368225415019
-0.27198061858023
-0.26957849797525
-0.30817976816894
-0.29015828654678
-0.32567727252278
-0.45183102770426
-0.44824503935758
-0.42834222848091
-0.46485993535297
-0.34877952376082
-0.46425268831083
-0.47196828439764
-0.54034246662592
-0.56537513080124
-0.45875153109548
-0.50370735976985
-0.45372731938611
-0.51710197175556
-0.41714206325558
-0.53617758311560
-0.34798590947965
-0.36218346395954
-0.37469524098724
-0.41160846701409
-0.34460080929319
-0.28117791059421
-0.20085981055426
-0.27867233050477
-0.12658437846825
-0.01610234552036
-0.14149003939757
-0.05477895629902
-0.07209439222172
-0.08584786211372
0.11275550306924
0.11292409580013
0.09118783259422
0.16017786635352
0.17985135879934
0.15390860786881
0.11713247536099
0.29151924576977
0.30160072664700
0.32472109585572
0.33790456482488
0.31364672148246
0.40023355145527
0.45357505599655
0.40884922251225
0.49805294510863
0.47254505653765
0.48877145276083
0.42700336947013
0.46177952806543
0.51896554403216
0.45434753284454
0.49426681666730
0.57442345801575
0.50170308762113
0.49737159875265
0.54433658042422
0.46327825217210
0.40009000410684
0.45111582643200
0.27949120595483
0.25978501656791
0.36216386119347
0.24971240878783
0.18923650719160
0.17741686239955
0.10351547512638
0.06361797515253
0.01988964068436
-0.02769964664963
-0.08641594428540
-0.08120964165256
-0.14545692043326
-0.08241573221589
-0.17956537969396
-0.17592642234924
-0.26824080900509
-0.29797018129920
-0.26181168656717
-0.28012669049347
-0.37855593999805
-0.31988458992270
-0.40253365425763
-0.42707675117330
-0.35233973004399
-0.39874400290454
-0.44082194943269
-0.47373119117980
-0.52537776691492
-0.50576077441530
-0.40735866410141
-0.59491950320058
-0.51803383323500
-0.48496841935558
-0.45452601415841
-0.53469726429239
-0.39986670477945
-0.36802190411378
-0.42720972896997
-0.36651773807307
-0.38540126584369
-0.21266514280460
-0.24257366194348
-0.23953983960440
-0.23761451125800
-0.14957548071133
-0.03250868992536
-0.06445426253281
-0.02156507889407
-0.06001877815716
0.04753598165852
0.11702532071612
0.04765091177546
0.21092244820170
0.31461369543420
0.14909938894899
0.15791689134705
0.29026269287231
0.36267959617540
0.34947018317128
0.37227931826783
0.40483339901254
0.37308969209530
0.36330750842170
0.54101725765580
0.49015896516532
0.42680453128272
0.54764100712585
0.43359008680318
0.49391148850846
0.53549724381050
0.45180828901645
0.46871142001253
0.47700985598372
0.55955843927881
0.46845443869123
0.40635448565363
0.39323926502014
0.36618883565635
0.41888961872218
0.31050526742173
0.25430710165441
0.27328022677032
0.22226295067803
0.23100345007293
0.20248047361063
0.17107782285353
0.11057566825238
0.07085705637138
0.09516381613310
-0.09723082472547
-0.09558269566616
-0.20147591479872
-0.10853919423566
-0.19026515533978
-0.24196226655691
-0.34730007452926
-0.28472103259014
-0.33771063900055
-0.42129283791722
-0.43807508282551
-0.44260781517672
-0.43883506153577
-0.52794141636223
-0.47103929711912
-0.44474389666157
-0.50501867374221
-0.52874593377687
-0.48325254536505
-0.44494600404590
-0.52078906541846
-0.51717978273598
-0.55797599259442
-0.52441406357514
-0.43164503627990
-0.45118598833148
-0.38809200462756
-0.37101362441572
-0.36141379836124
-0.31522074988462
-0.24855043193472
-0.26505141645606
-0.23995063155194
-0.22914179839715
-0.25345486674460
-0.17975608076123
-0.10043011638719
-0.13378840115326
-0.01582033165846
0.01613064380956
0.04423061974499
0.09328896156116
0.11791386380705
0.15340576047765
0.19090381974494
0.27346800642727
0.25672766675623
0.16183533677166
0.30041652455011
0.36335187169695
0.42818909316251
0.47352471617400
0.37924690027923
0.48354666731403
0.47383578865126
0.46510958517552
0.48742192016089
0.49243961511727
0.50547662327757
0.51187930913369
0.46488123058882
0.44159416937819
0.53447329229216
0.46454043211799
0.53266655914042
0.39929392929784
0.39661304118168
0.47557226975995
0.45058336513550
0.30210335281910
0.33504963573515
0.36094819144136
0.32788511106428
0.16275051467396
0.27226051072971
0.18759068559332
0.12809000404146
0.06693842598409
-0.00907012400139
0.00475089305060
-0.05206617290868
0.03728933775351
-0.10721969582530
-0.16317869688873
-0.19204315733633
-0.25763216555043
-0.15765928514961
-0.26204142187955
-0.32097932752527
-0.29739003093374
-0.38185937969134
-0.40939588245818
-0.45415107686436
-0.47627821239827
-0.38171210577576
-0.43710348644053
-0.48183828653486
-0.40862621334279
-0.49727697409966
-0.48549785901357
-0.56945362718126
-0.47008049245040
-0.55855091208216
-0.52494225780617
-0.41447079012405
-0.42794206336686
-0.46993416081193
-0.42441485576370
-0.36738118863706
-0.34255211795651
-0.41029605329272
-0.35418038819990
-0.34989496488267
-0.23061983197841
-0.27739745855096
-0.11941443571619
-0.16699608166563
-0.13353857360964
0.05029844730817
0.10811920779881
-0.00173432802019
0.07636475303355
0.21487288154756
0.12749517864365
0.27721690581988
0.26798566394542
0.26402532404509
0.27623635938549
0.40938148851740
0.38910591084228
0.34856478596683
0.42414481655546
0.38242200387067
0.45295053355467
0.53853367102863
0.50212064620757
0.44820160440827
0.51124337733281
0.46356853186531
0.60096573866730
0.40877369016328
0.46086879267706
0.52475762709672
0.43451120334070
0.46283417534667
0.47823002326908
0.48920502049945
0.35815449766023
0.37170909948995
0.32996976621312
0.31901234970355
0.31236697075970
0.23031851843099
0.26700100606637
0.21267651879926
0.13089195942750
0.13052027095016
0.12742858747743
0.08888491970944
0.03341045612643
-0.04247946907767
-0.10922216422505
-0.10551746857180
-0.17781530693666
-0.20794606020191
-0.18075450953374
-0.18889800633324
-0.26410102077180
-0.22206049635202
-0.43001590767688
-0.37906860403993
-0.39974425668197
-0.34559376542040
-0.42043960349680
-0.47813177681018
-0.44781742764276
-0.45406278743383
-0.48471291457375
-0.59983248562330
-0.44884595289974
-0.67303575773437
-0.48836968853915
-0.56375153396839
-0.49328380378940
-0.39201189221988
-0.47117700993565
-0.33046110002088
-0.36558796901040
-0.39252573830721
-0.39872997328781
-0.34951913707307
-0.27516788683867
-0.37977588731703
-0.19624214948603
-0.17736846709123
-0.11356524277456
-0.01434735482540
-0.09440445007864
-0.08825666251066
0.05898170852400
0.08395868552328
0.07107070136736
0.08704915546173
0.16695435710385
0.13485259897198
0.23029998059565
0.22935305264069
0.25292724381767
0.37312170024853
0.35507084108580
0.44775780899110
0.35018978405184
0.43833333413060
0.39319419815443
0.49287564848994
0.54077996854208
0.53735951426726
0.38807504776671
0.53254511023255
0.50043546377122
0.51517233328293
0.46647353213817
0.40363574304889
0.52016792207158
0.43658698875900
0.42901370462299
0.43473777208949
0.53134549869442
0.49488431587029
0.28762034472031
0.30101728746308
0.34326172579709
0.15759796074101
0.28919655586895
0.17557973713506
0.22447319713419
0.07272861215625
0.03209360975251
0.15494969279049
0.02940066020469
-0.05471792960230
-0.12986543988761
-0.06155514523344
-0.13740305064890
-0.30454137730651
-0.27215954070401
-0.11274783484675
-0.29448094094367
-0.42470097760524
-0.39795415616076
-0.40119810267322
-0.36977957937330
-0.43445771692884
-0.44042443001105
-0.46283268932769
-0.52354461273991
-0.42754467793607
-0.51210780446194
-0.52162919909371
-0.49025052140113
-0.50180599199916
-0.51992067713098
-0.47982997214672
-0.36987733445082
-0.43487571144893
-0.47825752576492
-0.46979651853416
-0.41645339177130
-0.45900234883017
-0.26226582919200
-0.31451065022432
-0.35206241576700
-0.25521879142572
-0.29917116857747
-0.16222441388022
-0.16358177052872
-0.11462219284616
-0.06012513521751
0.00345618325131
-0.04048860090860
-0.03412298556951
0.07302242065003
0.07557701233319
0.17575756796593
0.09860749756119
0.26992400430939
0.27656896489038
0.23831453851861
0.30886198807049
0.39544652328565
0.50152624832857
0.38695402509746
0.49541817412445
0.40247048898417
0.47228428994044
0.46515339625229
0.50319781195779
0.46893856304129
0.42738893356845
0.48646129232136
0.52044182235708
0.46853698169357
0.47696754857366
0.49562820864583
0.48890117831938
0.40882360120189
0.41290148271001
0.44803841857320
0.39674100874497
0.28615855664894
0.40211761342646
0.26306078886659
0.22632073424265
0.15581549566329
0.18586009815059
0.14937289174087
0.10058685171008
0.03623786317810
-0.04379800240416
0.15062432864931
0.03581247528178
-0.09616681379066
-0.12246664840053
-0.13656343987650
-0.19194858390833
-0.25551323791966
-0.21454754388262
-0.35080846582269
-0.22686211443876
-0.44171486411221
-0.39636969929234
-0.36087888755469
-0.42042431264353
-0.52065600183968
-0.41584800526651
-0.46736601249016
-0.52691850214000
-0.47365866586721
-0.46065079648982
-0.39077801589038
-0.50314779404941
-0.50855447474673
-0.51142523991742
-0.57187820875755
-0.43587073289676
-0.54822382078622
-0.43981195777658
-0.41826010008683
-0.33794574515811
-0.49211246248009
-0.27882027872896
-0.31985534333684
-0.32589989067039
-0.22743115450352
-0.17967408213933
-0.17571828215231
-0.19019511572454
-0.01789621671347
-0.02936243679023
-0.03534377645863
0.10004791084975
0.09657575356338
0.05334690378566
0.18556100072024
0.10156898636298
0.17410327600719
0.26882650643042
0.31445582955645
0.32824891347559
0.25690206040706
0.42113908349111
0.46759635264056
0.48468722540626
0.41698676235028
0.44224488767674
0.42465655723799
0.49869525378115
0.50645041074581
0.45988472160296
0.54597727291803
0.54106654428905
0.52670047978311
0.44851174317768
0.40860316686151
0.49455102044984
0.51786409585663
0.36181378347539
0.29409903718518
0.45200838862550
0.35046978045548
0.38361434688280
0.34316829703691
0.20032036258083
0.20540133536631
0.14959465146768
0.16349250236990
0.17503780317967
0.08101652963442
-0.06577254442209
0.06176485447101
-0.03909597151345
-0.10119407211113
-0.22188151152149
-0.13581241293919
-0.17908269078580
-0.21006628997963
-0.31515254047397
-0.33040074276884
-0.37054038766026
-0.26417573182316
-0.42122315925990
-0.41434406408017
-0.47082726927547
-0.39996583141278
-0.46255302874616
-0.47188753402867
-0.43921414478695
-0.46008230337851
-0.45916024066256
-0.60663703464890
-0.48746218500613
-0.44552989336109
-0.46868525478120
-0.43043749406380
-0.35588034533949
-0.38307392883271
-0.48247937204944
-0.44601275085284
-0.38629191977836
-0.38568294342019
-0.32867152249295
-0.23248698766156
-0.28781757411717
-0.24130048989702
-0.20272199892936
-0.12078233875811
-0.06488068192167
-0.08569035866533
-0.05508361505950
0.04667973368493
0.07539375231402
0.10262647318788
0.28003261830989
0.15609353507718
0.20840546290931
0.22281870042564
0.29207033690805
0.26764266645033
0.37510936122315
0.44500850242635
0.38446738623189
0.40109226095151
0.39814681183478
0.42182455918067
0.37676304026043
0.47284225572675
0.44211775689887
0.55663874198300
0.50625074439356
0.50274663403532
0.56838628900374
0.40506175147188
0.50266766329599
0.42263311959002
0.42977130820837
0.45842530159606
0.47090479737779
0.36267737665221
0.40786039506875
0.42647385653804
0.28196991522726
0.24428649531454
0.26066431149809
0.25834078660887
0.19141667703307
0.11369216030908
0.12248005873786
0.08857066576339
0.01700145740730
-0.05602448713420
