0.000000
0.000031
0.000122
0.000458
0.001953
0.004517
0.008545
0.015228
0.024567
0.038574
0.064240
0.104034
0.152344
0.187622
0.220276
0.256622
0.283112
0.312317
0.337006
0.362213
0.390106
0.397888
0.430023
0.451904
0.459961
0.440674
0.440063
0.447296
0.398926
0.364838
0.362885
0.251221
0.244537
0.286011
0.213074
0.158234
0.103943
0.104370
0.015289
-0.004669
-0.002136
-0.031647
-0.048798
-0.087799
-0.113190
-0.189941
-0.204102
-0.271149
-0.253143
-0.289734
-0.295227
-0.344788
-0.349457
-0.348083
-0.455719
-0.499084
-0.511169
-0.425293
-0.428680
-0.471222
-0.396210
-0.441803
-0.515991
-0.492706
-0.492523
-0.374237
-0.430389
-0.438324
-0.388977
-0.373169
-0.263580
-0.259766
-0.237854
-0.201477
-0.189209
-0.203461
-0.087769
-0.132080
-0.101410
-0.060333
0.076691
0.103546
0.001465
0.133575
0.179199
0.167908
0.277191
0.271149
0.281708
0.293091
0.389099
0.409576
0.411896
0.392761
0.484772
0.373657
0.482208
0.540222
0.428711
0.431580
0.614868
0.390350
0.525970
0.365875
0.502075
0.429199
0.408905
0.411682
0.442993
0.191559
0.414398
0.074493
0.386139
0.293274
0.220520
0.132965
0.107025
0.130493
0.097717
-0.020020
0.110474
-0.218658
-0.163605
-0.161713
-0.174652
-0.237946
-0.287445
-0.137146
-0.522552
-0.219208
-0.515137
-0.305634
-0.509064
-0.301910
-0.615662
-0.380859
-0.507202
-0.340637
-0.737061
-0.108612
-0.848572
-0.112396
-0.661621
-0.184265
-0.706360
-0.213867
-0.597382
-0.291931
-0.417236
-0.274506
-0.391754
-0.213837
-0.082825
-0.344177
-0.044312
-0.289551
-0.069977
-0.136414
0.031189
-0.117157
-0.046173
0.119354
0.036743
0.205414
0.140259
0.288177
0.262634
0.155090
0.257141
0.402527
0.333984
0.321594
0.543182
0.325653
0.515442
0.418976
0.549713
0.535431
0.398315
0.388824
0.633209
0.268188
0.732910
0.196655
0.773254
0.100159
0.568298
0.350250
0.279633
0.465668
0.256531
0.315918
0.205109
0.422882
0.022369
0.243561
-0.014160
0.096924
-0.005188
0.164337
-0.150085
-0.052185
-0.142792
-0.067200
-0.310608
-0.087982
-0.410156
-0.185120
-0.492950
-0.175110
-0.393005
-0.415680
-0.347748
-0.445160
-0.322021
-0.519806
-0.327759
-0.574432
-0.452606
-0.494965
-0.479034
-0.392609
-0.532928
-0.474426
-0.440521
-0.328156
-0.520935
-0.359192
-0.307312
-0.373322
-0.323212
-0.339722
-0.337158
-0.151978
-0.258606
-0.083466
-0.271637
0.113464
-0.121765
-0.081940
0.155304
-0.048370
0.191162
0.107697
0.120880
0.028564
0.380310
0.171082
0.315216
0.355499
0.287415
0.478180
0.349670
0.375732
0.535767
0.422729
0.581360
0.314514
0.505920
0.483307
0.526428
0.503998
0.442078
0.451935
0.504242
0.544678
0.401062
0.398926
0.313293
0.418884
0.220276
0.370239
0.258057
0.294373
0.186310
0.264557
0.189911
-0.115509
0.024017
-0.052460
-0.147522
-0.025452
-0.152863
-0.090790
-0.181335
-0.257721
-0.273285
-0.192230
-0.383026
-0.385742
-0.320709
-0.385315
-0.429993
-0.346466
-0.469513
-0.444611
-0.468140
-0.426941
-0.542664
-0.515961
-0.457153
-0.474213
-0.419586
-0.492767
-0.451904
-0.369080
-0.464996
-0.276672
-0.459045
-0.272369
-0.372345
-0.319366
-0.306671
-0.262146
-0.015564
-0.282104
0.041199
-0.151855
0.144714
-0.051605
-0.038300
0.082825
0.162292
0.126221
0.356903
0.093628
0.190735
0.336426
0.190460
0.406036
0.392181
0.381927
0.422668
0.389465
0.446320
0.431732
0.244080
0.659149
0.416443
0.410492
0.395569
0.584900
0.251678
0.475372
0.493103
0.338715
0.578156
0.158844
0.483765
0.275848
0.408325
0.257202
0.290131
0.178375
0.171051
0.201050
0.059845
0.148773
0.085907
-0.186005
0.214539
-0.248932
0.097900
-0.138641
-0.279541
-0.138947
-0.019745
-0.410889
-0.188751
-0.372375
-0.228882
-0.379974
-0.471832
-0.411652
-0.418976
-0.460052
-0.254395
-0.573517
-0.364594
-0.629547
-0.471039
-0.411560
-0.524841
-0.357452
-0.583191
-0.254883
-0.681641
-0.068695
-0.518555
-0.228363
-0.486725
-0.199707
-0.288025
-0.108398
-0.331696
0.027618
-0.013367
-0.173798
0.034760
-0.098816
-0.044617
0.204163
0.087433
0.107361
0.191803
0.185303
0.139435
0.113464
0.379852
0.252167
0.353729
0.318329
0.294586
0.442200
0.433197
0.371613
0.540955
0.399109
0.507355
0.342651
0.499908
0.486053
0.394073
0.514221
0.561310
0.416382
0.498230
0.520233
0.375000
0.366211
0.449219
0.129089
0.295959
0.348480
0.151123
0.167877
0.141724
0.049103
0.036591
-0.017944
-0.057465
-0.122467
-0.077240
-0.193329
-0.042023
-0.254272
-0.143646
-0.332489
-0.272919
-0.255066
-0.284424
-0.412170
-0.259827
-0.460938
-0.381897
-0.317078
-0.417938
-0.424469
-0.472656
-0.516602
-0.459991
-0.340057
-0.707581
-0.352814
-0.525391
-0.359741
-0.598419
-0.223633
-0.414307
-0.386688
-0.306549
-0.382843
-0.069275
-0.301910
-0.161438
-0.240479
-0.059204
0.009125
-0.070465
0.031128
-0.079895
0.133209
0.123383
0.030151
0.308167
0.315979
0.072083
0.205933
0.327118
0.372040
0.324005
0.385010
0.395264
0.339111
0.357788
0.619659
0.375305
0.430328
0.581268
0.300568
0.583313
0.453094
0.410187
0.464600
0.437347
0.593109
0.329376
0.409424
0.333160
0.340942
0.416656
0.194366
0.248962
0.239777
0.172668
0.223389
0.149017
0.143982
0.057556
0.047791
0.086090
-0.213867
-0.052338
-0.292084
-0.024048
-0.288452
-0.220123
-0.413116
-0.208496
-0.404938
-0.413330
-0.435272
-0.425690
-0.424805
-0.563934
-0.377197
-0.460571
-0.498840
-0.510345
-0.422058
-0.422546
-0.549652
-0.445221
-0.594299
-0.416809
-0.396301
-0.440765
-0.298248
-0.377991
-0.298676
-0.279297
-0.181458
-0.278290
-0.169434
-0.225922
-0.224884
-0.113373
-0.058899
-0.140228
0.083618
0.003021
0.090302
0.113068
0.135162
0.174530
0.208069
0.309967
0.225708
0.127808
0.393341
0.333069
0.470917
0.450867
0.314301
0.567352
0.379730
0.493286
0.448456
0.486481
0.479309
0.493774
0.399109
0.432922
0.562317
0.342804
0.627228
0.175079
0.518982
0.389160
0.442474
0.151611
0.421143
0.265747
0.321899
0.016479
0.397980
0.006378
0.170380
-0.032715
-0.020416
-0.008575
-0.098724
0.090851
-0.240875
-0.127380
-0.240845
-0.268829
-0.097931
-0.361084
-0.288757
-0.296112
-0.422668
-0.383667
-0.478912
-0.448517
-0.310822
-0.498291
-0.435791
-0.357697
-0.561554
-0.391602
-0.659271
-0.281921
-0.723938
-0.319153
-0.443420
-0.368347
-0.498108
-0.316620
-0.358643
-0.284973
-0.448914
-0.237396
-0.378479
-0.087982
-0.357300
0.073608
-0.284271
0.001129
0.106049
0.128967
-0.055939
0.177612
0.245087
0.070557
0.406555
0.183105
0.312927
0.249573
0.498352
0.301270
0.366821
0.439819
0.321747
0.519745
0.518036
0.455505
0.408997
0.548126
0.361176
0.737091
0.114288
0.684937
0.347748
0.458130
0.415283
0.476807
0.443451
0.249298
0.409424
0.224915
0.338898
0.245422
0.178375
0.281433
0.125488
0.098969
0.113739
0.101959
0.049408
-0.005096
-0.088257
-0.140015
-0.101410
-0.234650
-0.197449
-0.176941
-0.200256
-0.298676
-0.175629
-0.575378
-0.237793
-0.488281
-0.233337
-0.523895
-0.417938
-0.440826
-0.430573
-0.491394
-0.632751
-0.278656
-0.920807
-0.113831
-0.860596
-0.159302
-0.525024
-0.376831
-0.254974
-0.395599
-0.348419
-0.378632
-0.286102
-0.219543
-0.439209
0.007202
-0.256165
0.013489
-0.003571
-0.116486
-0.040863
0.142609
0.068359
0.090637
0.101715
0.212738
0.101959
0.304047
0.187531
0.290863
0.410187
0.313110
0.508301
0.235992
0.544189
0.272400
0.613068
0.456421
0.556213
0.231476
0.717224
0.292572
0.640106
0.287811
0.453247
0.516998
0.332184
0.450317
0.380341
0.586945
0.370636
0.177948
0.342773
0.293549
0.026886
0.417450
-0.020172
0.335632
-0.124023
0.097931
0.150879
-0.067902
-0.074951
-0.172394
-0.022217
-0.215149
-0.357513
-0.222839
-0.055969
-0.433563
-0.405334
-0.378662
-0.402710
-0.328735
-0.477753
-0.393219
-0.482819
-0.515137
-0.332886
-0.604279
-0.422394
-0.495789
-0.463074
-0.517761
-0.400269
-0.306763
-0.481995
-0.426788
-0.449036
-0.345093
-0.485809
-0.059906
-0.446930
-0.236633
-0.223938
-0.298462
-0.040924
-0.198578
-0.028656
-0.047455
0.061188
-0.074127
0.018860
0.120972
0.067322
0.247772
0.029053
0.408722
0.199982
0.260498
0.330902
0.424744
0.524139
0.287537
0.603302
0.244415
0.598938
0.341400
0.584778
0.343292
0.457428
0.464752
0.521301
0.379486
0.510773
0.432007
0.483826
0.302338
0.449371
0.392822
0.348175
0.199860
0.488739
0.066406
0.290466
0.031586
0.244415
0.050690
0.101166
-0.036774
-0.065887
0.236786
-0.100647
-0.111267
-0.141846
-0.148895
-0.222290
-0.274292
-0.184814
-0.438812
-0.100922
-0.629883
-0.236420
-0.422577
-0.398682
-0.571106
-0.281647
-0.571320
-0.451019
-0.456696
-0.421844
-0.338318
-0.574432
-0.416687
-0.535217
-0.545044
-0.311737
-0.664642
-0.229797
-0.498627
-0.182220
-0.651337
0.024963
-0.511475
-0.147369
-0.238800
-0.096741
-0.190948
-0.138672
0.073425
-0.051636
-0.004425
0.187195
0.058228
0.070862
0.263000
0.015930
0.281769
0.252380
0.354614
0.299469
0.231201
0.518768
0.416718
0.503967
0.335022
0.487885
0.351227
0.569092
0.422546
0.453735
0.567169
0.479980
0.511627
0.358093
0.400635
0.516846
0.463928
0.239258
0.294739
0.506165
0.199280
0.459686
0.216858
0.144897
0.205536
0.074402
0.181000
0.136353
0.010895
-0.127716
0.136627
-0.158295
-0.088837
-0.302429
-0.055298
-0.257294
-0.184143
-0.388916
-0.286713
-0.412567
-0.163025
-0.566498
-0.294342
-0.562347
-0.267609
-0.564301
-0.376587
-0.446747
-0.435425
-0.438507
-0.682098
-0.300201
-0.509399
-0.393066
-0.408051
-0.277649
-0.413910
-0.479218
-0.372406
-0.346802
-0.365570
-0.250671
-0.181793
-0.307770
-0.159180
-0.186707
-0.044586
-0.046021
-0.076294
-0.012207
0.102997
0.077362
0.137177
0.362152
0.051788
0.300385
0.180542
0.351685
0.216797
0.457397
0.417755
0.346985
0.413330
0.365936
0.429626
0.318329
0.542206
0.341431
0.667297
0.349823
0.573486
0.512939
0.285217
0.613831
0.237396
0.519897
0.369385
0.488312
0.227997
0.484009
0.332123
0.200623
0.229462
0.237396
0.223816
0.133972
0.062714
0.124115
0.032806
-0.018494
