0.000000
0.000000
0.000000
0.000000
0.000000
0.000000
0.000000
0.000000
0.000000
0.566681
0.641479
0.778076
0.836548
0.886505
0.886505
0.886505
0.886505
0.886505
0.886505
0.886505
0.836548
0.836548
0.836548
0.778076
0.712524
0.641479
0.641479
0.566681
0.490021
0.413361
0.338593
0.201996
0.143524
0.093567
0.093567
0.093567
0.093567
0.093567
0.093567
0.093567
0.143524
0.143524
0.201996
0.267548
0.338593
0.413361
0.566681
0.641479
0.712524
0.778076
0.836548
0.886505
0.926666
0.926666
0.886505
0.886505
0.886505
0.886505
0.886505
0.886505
0.886505
0.836548
0.778076
0.712524
0.641479
0.566681
0.490021
0.413361
0.338593
0.267548
0.201996
0.143524
0.093567
0.093567
0.093567
0.093567
0.093567
0.053406
0.053406
0.053406
0.053406
0.093567
0.143524
0.201996
0.267548
0.413361
0.413361
0.490021
0.566681
0.641479
0.712524
0.778076
0.836548
0.886505
0.886505
0.886505
0.886505
0.886505
0.886505
0.886505
